50
1 2 84
1 3 87
1 4 78
1 5 16
1 6 94
1 7 36
1 8 87
1 9 93
1 10 50
1 11 22
1 12 63
1 13 28
1 14 91
1 15 60
1 16 64
1 17 27
1 18 41
1 19 27
1 20 73
1 21 37
1 22 12
1 23 69
1 24 68
1 25 30
1 26 83
1 27 31
1 28 63
1 29 24
1 30 68
1 31 36
1 32 30
1 33 3
1 34 23
1 35 59
1 36 70
1 37 68
1 38 94
1 39 57
1 40 12
1 41 43
1 42 30
1 43 74
1 44 22
1 45 20
1 46 85
1 47 38
1 48 99
1 49 25
1 50 16
2 3 71
2 4 14
2 5 27
2 6 92
2 7 81
2 8 57
2 9 74
2 10 63
2 11 71
2 12 97
2 13 82
2 14 6
2 15 26
2 16 85
2 17 28
2 18 37
2 19 6
2 20 47
2 21 30
2 22 14
2 23 58
2 24 25
2 25 96
2 26 83
2 27 46
2 28 15
2 29 68
2 30 35
2 31 65
2 32 44
2 33 51
2 34 88
2 35 9
2 36 77
2 37 79
2 38 89
2 39 85
2 40 4
2 41 52
2 42 55
2 43 100
2 44 33
2 45 61
2 46 77
2 47 69
2 48 40
2 49 13
2 50 27
3 4 87
3 5 95
3 6 40
3 7 96
3 8 71
3 9 35
3 10 79
3 11 68
3 12 2
3 13 98
3 14 3
3 15 18
3 16 93
3 17 53
3 18 57
3 19 2
3 20 81
3 21 87
3 22 42
3 23 66
3 24 90
3 25 45
3 26 20
3 27 41
3 28 30
3 29 32
3 30 18
3 31 98
3 32 72
3 33 82
3 34 76
3 35 10

